61
38
39
48
49
55
60
71
74
80
93
15
24
15
13
25
15
16
17
14
15
14
14
14
16
16
14
15
15
19
16
14
14
15
15
15
14
15
16
18
15
15
15
22
14
15
14
14
16
15
15
14
16
14
14
14
14
14
14
15
15
15
15
14
16
15
21
15
14
14
14
14
14
15
14
16
15
16
14
15
16
16
15
14
15
16
15
15
15
15
16
15
15
14
17
15
14
16
15
15
15
15
21
15
15
14
14
14
15
16
13
15
14
15
16
14
15
15
16
15
18
14
15
15
15
14
15
15
16
16
14
15
15
16
15
14
15
16
15
16
15
15
15
15
16
14
15
15
16
15
14
16
15
16
14
15
16
16
14
15
15
16
14
16
15
16
14
15
16
15
15
18
15
15
14
16
15
14
16
15
15
13
16
16
15
16
14
15
16
15
16
14
15
18
15
14
15
14
15
16
15
15
14
16
16
15
14
16
15
16
14
16
20
15
17
14
14
14
15
15
14
14
14
15
16
15
15
15
16
15
15
15
16
15
15
15
15
24
14
16
14
16
15
14
19
14
15
14
14
15
14
14
14
15
14
14
14
16
15
15
15
15
16
16
14
14
15
23
14
15
14
14
14
18
14
14
15
15
14
14
15
15
16
14
16
14
17
15
18
15
15
14
18
14
15
14
15
17
18
14
14
15
13
15
15
13
15
16
15
15
14
15
15
16
16
17
15
14
14
22
15
15
15
14
14
15
13
14
14
15
16
15
15
14
16
20
14
14
16
14
15
15
15
16
14
14
15
15
15
16
14
16
15
17
14
14
14
16
15
15
15
16
15
15
16
15
14
16
15
16
14
15
15
18
14
14
15
16
16
14
15
15
16
15
15
16
15
15
16
15
14
15
15
15
16
14
15
15
17
14
15
15
14
15
15
17
14
15
17
15
14
16
14
15
16
15
14
17
15
17
15
14
16
15
14
14
14
18
14
14
15
15
17
15
14
15
16
15
15
15
14
20
14
16
14
15
14
14
15
16
14
18
20
14
14
15
16
15
14
14
14
14
14
15
14
15
22
15
14
15
14
16
14
15
15
15
13
15
17
15
14
14
14
16
15
14
15
16
17
14
14
14
15
16
16
15
15
16
15
14
17
14
15
15
18
13
14
16
15
15
15
15
17
14
15
15
16
16
16
15
15
14
15
15
15
15
15
16
16
14
16
15
15
15
14
15
14
16
16
15
15
15
16
15
15
16
14
15
15
16
15
15
15
16
13
16
15
14
16
15
17
14
15
15
17
13
15
16
16
14
15
15
16
15
18
12
15
16
15
15
15
15
16
14
15
14
17
14
16
15
15
15
15
15
15
15
15
16
15
15
15
15
15
15
16
15
17
13
16
15
15
15
15
14
13
13
13
13
13
13
15
15
15
15
15
16
15
15
15
15
15
16
15
15
15
15
17
14
16
14
16
14
17
15
15
15
14
16
15
16
15
14
15
16
17
13
15
15
16
15
15
15
15
16
15
15
15
16
15
15
15
15
15
15
17
14
16
14
16
14
15
15
15
15
12
14
13
14
13
13
14
14
15
15
12
13
13
12
13
13
16
14
15
12
15
13
15
13
14
13
14
13
17
15
15
15
15
17
14
15
14
16
15
14
16
16
15
15
15
18
18
14
15
13
13
15
15
15
15
14
