14
16
24
12
12
15
28
16
12
16
12
28
16
16
12
12
24
12
16
16
15
17
27
12
16
14
16
16
28
12
16
13
24
16
15
16
13
16
24
15
11
14
16
16
28
12
14
11
32
12
13
14
16
16
26
16
12
16
12
27
13
16
16
16
14
28
16
14
16
13
13
16
16
28
12
16
12
16
24
12
28
11
12
14
24
12
12
27
12
12
26
13
16
16
13
29
16
14
15
12
12
27
16
16
15
16
16
16
14
16
15
27
16
13
16
13
16
16
16
27
13
16
13
16
16
16
27
13
16
13
28
16
12
14
12
16
16
32
12
16
13
16
16
14
25
16
16
16
16
16
16
13
16
16
16
16
30
12
16
16
14
16
15
25
12
12
29
12
16
13
16
27
16
12
16
12
24
12
15
12
27
12
12
26
13
12
24
12
27
12
12
12
24
12
15
24
13
14
23
12
12
28
12
12
26
12
12
15
24
12
24
12
14
24
12
12
24
14
12
25
12
27
12
13
12
24
12
25
12
12
24
12
12
24
12
15
24
12
12
25
12
15
24
11
15
24
12
13
24
12
12
27
12
13
24
12
24
12
12
24
13
12
25
12
12
25
12
27
13
12
12
24
12
23
12
12
24
12
24
12
13
24
12
12
24
12
16
25
12
12
26
12
12
23
12
16
24
12
12
26
13
13
27
14
12
12
24
12
24
12
12
26
12
12
25
12
12
27
12
12
15
24
12
25
11
13
25
12
12
29
12
12
15
24
12
14
25
12
12
26
12
12
24
12
25
15
12
12
24
12
28
12
12
12
26
12
13
16
26
12
12
26
12
14
24
12
12
25
13
13
25
12
13
15
27
12
12
26
13
12
25
12
12
25
12
12
26
12
15
15
25
12
14
25
12
13
25
11
14
25
12
16
11
27
12
12
24
12
15
24
12
12
24
16
12
24
12
14
24
13
13
28
12
12
24
15
13
13
25
12
14
24
12
13
25
12
13
15
24
12
24
12
12
24
12
28
11
12
14
24
13
12
24
12
15
24
12
15
27
12
12
24
12
12
24
12
12
26
12
12
27
12
12
25
12
16
27
13
12
12
15
28
12
12
26
12
12
25
12
12
27
12
12
24
12
28
15
12
12
12
28
12
12
24
13
12
24
12
15
28
14
12
12
24
14
12
26
12
12
24
12
15
24
12
12
25
12
27
12
12
12
28
12
12
26
12
11
25
11
28
14
15
12
12
24
12
27
12
12
14
24
12
12
27
12
12
26
11
14
24
13
13
15
24
12
25
15
12
13
25
12
12
30
12
12
26
13
12
12
25
13
12
24
12
25
12
15
13
23
14
12
26
12
13
24
12
12
27
13
12
24
12
12
27
13
12
24
12
12
27
12
12
26
13
12
24
12
28
15
12
12
14
27
15
12
12
24
12
13
24
11
16
26
12
15
14
25
13
12
24
12
26
14
12
12
25
11
12
27
12
12
24
13
27
14
12
12
26
12
12
24
12
16
15
15
24
12
28
15
12
12
26
12
12
14
24
14
13
24
12
12
26
12
12
15
28
12
13
25
12
12
24
14
12
24
12
15
24
12
27
16
12
12
14
24
12
27
12
12
11
25
16
15
15
15
14
24
12
24
12
12
27
12
15
15
15
24
12
25
12
12
24
13
15
15
24
12
12
28
15
15
16
15
15
12
24
13
27
15
15
15
16
15
15
15
15
15
16
30
15
15
15
13
24
13
12
15
15
23
12
26
12
12
24
13
14
15
15
31
15
15
15
16
15
15
15
15
25
12
12
24
12
24
12
12
24
12
14
23
12
25
16
15
12
24
12
12
24
12
12
28
12
12
24
13
15
16
15
15
30
15
16
15
14
12
24
12
14
15
27
11
12
25
13
12
28
12
14
13
30
15
12
13
13
25
13
16
14
28
12
12
24
12
12
26
15
12
14
16
15
30
15
12
12
24
13
12
24
13
12
30
15
