83
27
29
29
29
36
30
30
30
28
32
19
19
23
23
28
21
22
23
22
21
22
20
37
21
22
22
26
25
23
25
48
23
22
24
25
559
22
21
20
21
27
25
22
21
20
22
22
20
21
21
20
22
22
19
19
21
26
22
21
22
21
21
21
21
20
20
22
21
22
24
24
22
25
20
25
24
20
20
23
22
26
21
24
21
20
20
19
22
20
21
19
25
24
24
22
22
20
21
20
22
22
20
25
23
20
24
27
24
22
23
23
21
21
20
20
21
22
20
23
21
20
22
20
20
18
558
20
26
24
21
24
22
19
21
22
22
20
22
20
20
20
19
20
20
20
20
21
20
20
20
20
21
20
20
19
22
19
19
20
21
22
21
20
21
22
20
21
21
19
19
19
19
22
21
21
21
18
559
19
24
22
21
22
23
563
21
22
22
21
20
21
21
25
22
24
23
20
19
19
22
25
21
22
23
22
23
18
19
19
19
21
19
22
25
20
20
20
22
20
19
21
18
22
21
20
26
21
20
20
21
20
21
19
19
21
20
20
24
27
21
20
555
20
20
21
20
20
19
19
21
21
23
25
21
22
22
24
22
25
21
22
22
22
23
22
23
22
20
19
19
20
20
20
19
21
21
22
19
18
21
21
20
556
19
20
22
22
116
20
20
21
19
20
19
21
21
22
25
19
23
21
21
21
21
20
21
21
21
24
26
20
23
21
22
24
20
21
19
559
22
21
21
20
23
21
19
19
19
19
21
20
23
22
21
24
20
17
18
19
20
19
18
20
18
19
20
20
21
21
20
20
20
21
20
20
25
21
23
22
24
25
23
20
22
23
22
22
24
21
21
20
20
21
20
19
20
19
20
20
23
20
21
21
22
23
22
20
21
18
21
23
20
23
20
21
23
22
21
20
19
22
22
20
21
23
22
22
23
24
22
23
18
21
20
19
19
20
18
19
19
22
22
23
20
19
23
26
29
31
18
32
20
23
22
18
21
23
28
45
25
22
21
26
24
26
20
24
24
28
42
23
17
18
32
22
19
20
19
64
22
22
20
31
20
20
21
22
24
20
21
22
21
20
28
47
18
18
18
19
21
22
23
25
35
20
20
20
23
19
20
47
22
23
22
34
21
21
24
567
20
21
20
20
20
21
22
20
22
21
23
556
26
28
28
24
21
22
20
556
21
21
23
20
23
20
24
133
24
21
23
19
20
20
19
21
20
20
19
19
19
21
20
21
19
21
21
19
19
19
20
21
19
22
20
21
19
22
21
20
21
20
18
19
23
23
24
22
20
19
22
21
22
22
21
20
22
21
20
22
21
22
21
20
21
20
20
20
20
22
21
20
21
20
19
17
21
20
20
20
21
20
23
24
27
23
20
19
19
19
21
23
20
19
20
22
23
20
20
32
20
19
21
21
23
21
19
19
19
20
22
22
20
18
19
20
21
23
26
29
31
18
19
21
64
20
19
23
24
20
22
22
24
19
19
47
21
22
18
20
20
20
20
19
19
19
20
24
20
21
21
25
21
19
22
20
28
27
41
22
65
20
21
21
29
19
20
19
39
22
22
37
23
21
19
22
22
22
20
21
22
20
20
52
23
27
20
23
116
24
19
19
23
23
23
19
20
20
20
21
21
25
19
21
24
22
565
22
24
20
20
554
556
20
19
19
20
19
22
20
24
18
19
20
17
18
19
20
20
20
21
19
20
21
24
557
22
20
20
24
20
21
21
22
20
21
21
20
22
22
20
19
21
22
20
19
21
22
21
24
22
20
21
24
25
20
21
19
18
20
24
20
20
22
21
24
20
19
20
20
20
18
22
21
19
22
20
20
19
20
20
18
19
19
18
19
21
20
20
19
19
18
20
23
19
19
19
21
21
25
558
23
20
22
23
23
22
21
21
21
19
21
20
18
21
19
21
18
20
21
23
20
18
20
21
21
20
20
19
18
20
21
20
19
21
20
22
22
25
27
21
20
559
20
22
19
22
19
21
23
21
23
23
20
21
19
21
21
22
20
23
21
22
22
23
21
22
22
558
21
20
20
20
27
20
555
19
17
20
19
20
21
21
20
19
24
23
19
18
18
20
20
19
19
19
20
20
21
24
20
22
20
22
566
21
22
22
21
21
22
20
22
20
19
20
22
23
20
21
23
559
22
20
19
21
20
19
22
23
22
19
19
23
20
21
20
21
20
22
22
21
20
22
18
20
21
20
22
22
18
21
21
20
21
21
21
21
22
22
19
21
21
19
19
22
19
20
19
22
20
19
22
21
18
18
21
20
21
23
19
19
19
20
19
20
21
19
19
21
20
19
21
23
21
22
21
18
22
24
21
20
21
20
20
22
22
18
20
20
19
21
22
20
21
23
21
20
47
19
34
23
23
24
22
20
22
23
26
37
22
22
21
39
30
20
22
22
21
21
21
39
31
23
23
22
27
30
20
21
23
22
22
20
20
23
24
20
21
22
20
21
21
20
24
25
560
22
21
20
21
22
21
21
21
22
21
20
21
23
21
20
20
19
20
557
23
556
18
21
22
21
20
23
23
21
19
19
21
22
20
22
21
21
22
24
23
22
20
20
21
21
20
20
22
22
21
21
19
21
21
22
21
22
22
19
21
22
25
21
21
21
20
23
25
21
21
23
562
21
23
22
21
22
21
19
22
22
23
19
22
25
22
22
22
20
23
22
23
21
24
20
20
21
19
20
20
20
18
17
19
20
20
21
20
22
18
22
20
18
20
24
18
19
18
19
22
20
19
20
22
27
20
19
19
19
19
20
20
19
20
19
20
20
19
20
22
21
22
22
20
22
22
21
25
18
19
22
20
21
27
20
21
20
21
23
23
20
20
20
22
19
36
21
557
20
20
20
24
20
21
21
21
22
559
24
20
21
22
557
20
20
23
29
20
18
18
18
19
21
21
19
115
19
24
23
19
20
20
19
21
20
21
559
19
21
21
19
18
19
22
18
21
22
19
19
19
20
21
25
20
21
19
20
18
19
18
19
21
18
17
18
19
21
20
20
19
20
21
21
19
18
20
18
19
19
19
19
18
18
20
21
21
22
20
19
21
20
22
21
21
24
561
23
21
21
22
22
20
27
22
46
27
21
23
21
22
22
20
27
554
22
