16
15
15
16
15
16
15
16
15
16
15
29
15
15
16
15
16
16
16
15
15
16
29
15
16
16
15
16
16
16
15
16
15
16
15
16
30
15
16
16
16
16
16
16
15
14
16
16
15
30
16
16
16
16
15
16
16
15
16
16
15
16
16
16
16
31
14
16
16
16
16
16
16
16
16
15
16
16
15
15
31
2
30
15
15
15
15
16
16
16
15
15
16
30
15
16
16
15
14
15
16
16
16
16
16
16
16
16
31
15
16
15
16
16
15
15
16
16
15
15
30
15
15
16
15
16
15
16
16
15
16
15
30
16
16
15
15
16
16
15
16
15
16
15
16
29
15
16
16
16
16
16
16
15
15
15
15
16
30
16
15
15
16
16
15
16
16
16
15
15
16
30
16
16
15
16
15
15
15
15
15
15
16
31
15
15
16
15
15
16
15
15
15
16
31
15
15
16
16
16
16
15
15
15
15
15
30
15
15
15
15
16
15
15
16
16
16
30
3
27
16
15
15
16
15
15
16
15
30
16
16
16
15
16
16
16
16
15
15
16
16
16
15
31
1
29
16
16
15
16
15
16
15
16
16
15
30
2
29
14
15
15
15
16
15
15
30
15
16
15
16
16
16
15
16
15
16
15
30
15
16
15
16
15
16
16
15
16
16
15
15
31
1
30
16
16
15
16
15
15
15
16
16
15
16
30
16
15
16
16
15
15
15
15
15
16
30
16
16
15
16
15
15
15
16
15
16
16
16
16
30
16
15
15
15
15
15
16
15
16
30
2
28
15
16
16
15
16
15
15
16
15
30
15
15
15
16
15
15
15
15
16
30
2
29
15
16
15
16
16
15
16
16
15
29
15
15
16
15
15
16
15
15
15
30
2
29
15
15
15
15
16
15
16
15
15
31
16
15
15
16
15
16
15
15
16
15
15
31
15
15
16
16
15
15
15
15
16
16
30
16
15
15
15
15
15
15
15
29
15
15
15
16
16
16
16
16
16
16
15
16
15
31
16
16
16
15
15
15
15
15
17
15
16
29
2
30
15
16
15
15
15
15
16
15
15
30
15
16
16
15
15
14
16
16
14
30
15
15
15
15
15
16
15
16
16
16
16
31
15
15
15
16
16
15
15
14
16
15
30
16
15
16
15
15
16
15
16
15
15
16
30
15
15
16
16
16
15
15
15
15
30
15
15
16
14
15
16
15
15
17
15
30
15
