16
15
16
16
16
16
16
16
16
15
15
15
15
31
1
31
15
15
16
16
16
16
16
16
15
15
16
16
30
16
15
16
15
16
15
14
16
16
16
16
16
16
16
31
14
18
16
15
16
16
16
15
15
16
16
16
16
16
15
16
31
15
15
16
15
16
15
16
16
15
17
14
31
1
31
15
16
16
16
15
16
16
15
16
16
15
16
15
31
16
15
16
16
15
16
16
15
15
16
16
16
16
17
28
16
15
16
16
16
16
16
16
16
16
15
15
16
15
31
16
16
16
16
16
14
15
16
16
16
15
16
16
15
31
4
28
15
16
16
15
16
9
23
16
16
16
16
15
15
31
2
28
16
16
15
16
16
16
15
15
16
16
15
31
16
16
15
16
16
15
15
15
16
16
15
15
30
16
15
16
16
16
16
15
15
15
15
16
16
31
1
31
6
24
16
15
15
16
15
16
15
16
30
2
29
15
16
16
15
16
16
16
16
15
16
16
16
16
31
16
16
15
16
16
16
15
15
16
16
15
15
15
32
1
31
16
15
10
22
15
15
16
15
15
15
16
31
16
15
16
16
15
15
16
16
16
16
16
16
15
16
16
16
31
15
16
16
15
15
16
16
15
15
15
15
31
16
16
16
16
15
15
15
15
15
15
30
16
15
15
16
16
16
16
15
16
16
15
16
15
30
16
16
16
16
15
16
15
16
15
15
15
15
31
16
16
15
15
16
16
15
16
16
16
15
16
16
16
16
31
3
29
16
15
15
16
16
16
16
15
16
14
16
16
16
30
16
15
16
15
16
16
16
15
16
16
16
16
16
16
31
1
33
1
27
14
15
15
16
16
16
15
30
2
29
17
6
24
16
17
14
16
16
15
14
45
16
17
15
15
15
15
16
17
15
15
16
31
6
27
3
26
20
11
16
15
13
17
16
16
17
30
4
28
4
27
36
6
21
16
16
16
16
16
15
16
15
32
3
28
16
16
16
16
16
15
16
16
16
16
16
16
15
16
15
31
16
16
16
9
22
15
18
14
16
15
16
15
16
16
31
16
16
16
17
15
17
14
15
15
16
17
14
15
16
30
16
16
16
16
16
16
16
15
16
16
16
16
17
15
16
16
16
30
15
16
16
16
16
16
15
16
16
18
14
16
15
15
16
31
1
31
4
27
16
16
14
16
16
16
16
16
16
16
18
14
19
27
3
29
16
15
16
20
11
16
16
15
15
15
16
32
1
29
16
15
16
17
15
16
16
16
16
16
16
16
16
15
31
16
15
16
15
16
16
16
15
16
16
16
16
16
16
16
16
32
29
16
16
16
16
16
16
16
14
16
15
15
16
32
30
16
16
16
16
16
15
16
16
15
15
16
30
1
29
16
16
16
19
13
16
15
16
16
16
16
15
16
16
32
3
27
5
28
15
16
16
15
16
14
16
15
16
16
16
31
16
16
16
16
16
16
16
15
15
16
16
16
15
15
30
16
15
15
16
16
16
16
16
16
15
16
16
16
16
16
31
1
29
16
16
14
16
15
16
16
16
16
16
16
16
16
31
1
30
16
16
15
15
15
16
16
16
15
15
30
15
16
16
16
16
15
16
15
16
16
16
16
16
16
16
30
16
16
16
14
16
16
15
15
16
16
15
16
30
1
30
15
16
16
15
15
17
15
16
16
16
16
15
16
31
16
15
16
16
16
16
16
15
15
16
16
15
16
30
16
15
15
15
16
15
16
16
16
16
15
15
17
31
15
16
15
16
16
16
16
16
15
16
16
16
15
16
15
30
16
15
16
15
17
14
15
16
16
15
16
16
30
16
15
15
16
16
15
15
16
14
19
13
16
35
34
51
116
36
24
13
16
10
20
14
17
16
15
33
16
6
23
16
16
16
16
16
15
15
15
16
16
16
31
15
16
16
16
16
16
16
17
15
16
16
16
16
16
13
19
16
16
16
16
16
32
2
29
16
16
15
16
15
15
16
15
16
16
17
14
38
60
3
25
15
15
15
16
15
15
16
31
3
29
15
16
15
16
16
16
16
15
15
16
15
31
2
29
26
20
15
16
16
15
16
15
17
15
31
4
26
16
16
15
16
16
16
15
16
16
16
15
16
16
32
2
33
27
16
15
11
21
37
44
13
40
28
17
26
14
16
16
16
16
15
16
16
16
16
16
16
31
16
16
15
16
16
15
15
16
15
15
16
16
16
17
30
55
40
16
15
16
16
16
15
16
15
31
5
25
6
24
16
15
16
15
15
16
16
16
31
1
30
16
16
15
16
15
16
15
16
19
11
16
34
30
8
22
16
16
16
16
16
16
16
16
16
15
15
16
30
16
15
16
16
16
16
15
16
16
16
17
15
16
15
15
34
20
25
10
22
16
16
15
16
16
16
16
16
15
16
15
16
31
16
16
15
16
16
16
16
15
16
15
15
15
16
16
52
30
2
34
22
16
16
16
16
15
16
16
34
29
15
16
15
16
15
16
15
16
14
16
16
16
31
20
29
18
2
29
7
20
16
15
15
16
16
38
27
13
36
52
21
16
15
34
64
32
11
16
16
15
15
15
15
37
38
30
11
54
26
28
9
32
37
58
15
37
7
15
16
16
36
30
37
30
40
16
16
20
74
39
13
31
29
15
6
43
21
9
16
16
16
15
16
34
28
16
16
16
15
16
15
16
16
40
13
10
16
30
2
80
143
20
21
4
26
8
23
16
16
16
16
15
15
16
15
32
6
25
16
16
16
16
16
15
15
15
16
16
24
11
12
32
19
26
15
14
16
16
17
15
15
18
14
31
16
15
16
16
16
16
16
15
16
15
16
16
16
16
14
30
16
16
16
16
16
16
16
16
15
16
15
16
16
15
35
27
16
14
16
15
16
16
16
16
16
16
16
16
16
16
30
15
16
16
16
16
16
15
16
15
15
16
15
16
31
15
16
16
16
16
16
15
16
15
15
16
16
15
16
32
1
29
16
15
15
16
16
16
15
16
16
16
16
30
1
30
16
16
16
16
15
15
15
17
11
20
15
15
31
5
26
16
15
16
16
15
17
15
16
16
15
16
30
15
15
16
15
16
15
16
15
16
16
15
31
2
30
16
15
16
16
16
15
15
16
16
16
16
16
16
15
16
31
2
30
16
16
15
16
15
16
16
16
15
15
16
16
30
2
29
16
14
17
15
15
16
15
16
16
16
16
16
31
15
16
15
15
17
15
15
16
15
16
16
16
16
30
16
16
16
16
15
15
16
16
16
15
16
16
16
15
17
30
16
16
16
15
16
16
16
16
14
16
16
16
16
15
31
1
30
16
16
16
16
16
16
16
15
16
15
16
15
15
32
1
29
16
16
16
15
15
16
16
16
16
16
16
15
30
16
16
16
16
15
16
16
16
15
18
16
14
16
15
16
31
1
31
15
16
16
16
16
16
16
16
15
15
16
16
16
16
16
16
31
16
15
16
16
15
15
16
16
16
15
16
16
16
16
16
31
1
30
15
15
15
15
16
16
16
16
15
16
16
16
31
16
16
16
15
16
16
16
16
16
15
16
16
15
16
16
16
30
16
16
15
16
16
16
16
16
16
16
16
16
16
16
15
16
16
30
16
16
16
16
16
16
15
16
16
16
16
16
16
15
16
16
31
1
29
17
15
16
16
16
15
15
16
16
16
16
16
16
30
15
16
16
16
16
15
15
15
16
16
16
15
16
31
15
15
16
16
15
16
16
16
16
16
15
15
16
16
16
31
15
16
16
16
16
16
16
16
16
15
16
16
16
14
32
30
3
27
16
14
16
16
16
16
16
15
16
31
1
30
16
16
16
16
16
15
16
15
15
16
15
31
2
29
15
15
14
16
16
16
16
16
16
16
16
16
30
15
16
16
15
15
16
15
16
